2024-11-07 18:47:22 [INFO]: Server is running on http://localhost:4000
2024-11-07 18:47:30 [INFO]: Received Query: tell me a joke
2024-11-07 18:47:31 [INFO]: AI Response: Why don't scientists trust atoms?

Because they make up everything!
2024-11-07 20:20:20 [INFO]: Server is running on http://localhost:4000
2024-11-07 20:20:33 [INFO]: Received Query: tell me a joke
2024-11-07 20:20:34 [INFO]: AI Response: Why did the scarecrow win an award? Because he was outstanding in his field!
2024-11-07 20:24:54 [INFO]: Server is running on http://localhost:4000
2024-11-07 20:25:12 [INFO]: Received Query: tell me a joke
2024-11-07 20:25:13 [INFO]: AI Response: Why couldn't the bicycle find its way home? Because it lost its bearings!
2024-11-07 20:25:13 [INFO]: Response Time: 1254 ms, Tokens Used: 27
2024-11-07 20:26:06 [INFO]: Received Query: write a movie script for a Rajinikanth upcoming movie Baala
2024-11-07 20:26:11 [INFO]: AI Response: Title: Baala

FADE IN:

EXT. CHENNAI CITY - DAY

We see a bustling city street in Chennai, with people going about their daily lives. Suddenly, a group of thugs appear and start causing chaos. Just then, BAALA (played by Rajinikanth) steps out of a nearby building, wearing his trademark sunglasses and looking as cool as ever.

BAALA
(to the thugs)
Enough is enough! You will not disturb the peace of this city anymore.

The thugs look at Baala in fear, knowing that he is a force to be reckoned with. They try to attack him, but Baala effortlessly takes them down one by one with his incredible fighting skills.

CUT TO:

INT. BAALA'S OFFICE - DAY

Baala is a successful businessman who runs a company that provides jobs for the underprivileged in Chennai. He is respected and loved by all his employees, who see him as a savior and a hero.

One day, Baala receives a threat from a ruthless gangster who wants to take over his business. Baala refuses to give in to the gangster's demands, knowing that it will put his employees in danger.

CUT TO:

EXT. CHENNAI CITY - NIGHT

Baala is on a mission to take down the gangster and his henchmen once and for all. He uses his wit, bravery, and fighting skills to outsmart the gangster and bring him to justice.

CUT TO:

INT. BAALA'S OFFICE - DAY

Baala is hailed as a hero by the people of Chennai, who celebrate his victory over the gangster. He is touched by their love and support, knowing that he has made a difference in their lives.

FADE OUT.

THE END.
2024-11-07 20:26:11 [INFO]: Response Time: 5572 ms, Tokens Used: 385
2024-11-07 20:27:23 [INFO]: Received Query: Please write 1 to 20 mathematical tables in table format
2024-11-07 20:27:36 [INFO]: AI Response: Sure, here are the tables from 1 to 20:

1 | 1 | 1 | 1 | 1 | 1 | 1 | 1 | 1 | 1 | 1 | 1 | 1 | 1 | 1 | 1 | 1 | 1 | 1 | 1 
2 | 2 | 4 | 6 | 8 | 10 | 12 | 14 | 16 | 18 | 20 | 22 | 24 | 26 | 28 | 30 | 32 | 34 | 36 | 38 
3 | 3 | 6 | 9 | 12 | 15 | 18 | 21 | 24 | 27 | 30 | 33 | 36 | 39 | 42 | 45 | 48 | 51 | 54 | 57 
4 | 4 | 8 | 12 | 16 | 20 | 24 | 28 | 32 | 36 | 40 | 44 | 48 | 52 | 56 | 60 | 64 | 68 | 72 | 76 
5 | 5 | 10 | 15 | 20 | 25 | 30 | 35 | 40 | 45 | 50 | 55 | 60 | 65 | 70 | 75 | 80 | 85 | 90 | 95 
6 | 6 | 12 | 18 | 24 | 30 | 36 | 42 | 48 | 54 | 60 | 66 | 72 | 78 | 84 | 90 | 96 | 102 | 108 | 114 
7 | 7 | 14 | 21 | 28 | 35 | 42 | 49 | 56 | 63 | 70 | 77 | 84 | 91 | 98 | 105 | 112 | 119 | 126 | 133 
8 | 8 | 16 | 24 | 32 | 40 | 48 | 56 | 64 | 72 | 80 | 88 | 96 | 104 | 112 | 120 | 128 | 136 | 144 | 152 
9 | 9 | 18 | 27 | 36 | 45 | 54 | 63 | 72 | 81 | 90 | 99 | 108 | 117 | 126 | 135 | 144 | 153 | 162 | 171 
10 | 10 | 20 | 30 | 40 | 50 | 60 | 70 | 80 | 90 | 100 | 110 | 120 | 130 | 140 | 150 | 160 | 170 | 180 | 190 
11 | 11 | 22 | 33 | 44 | 55 | 66 | 77 | 88 | 99 | 110 | 121 | 132 | 143 | 154 | 165 | 176 | 187 | 198 | 209 
12 | 12 | 24 | 36 | 48 | 60 | 72 | 84 | 96 | 108 | 120 | 132 | 144 | 156 | 168 | 180 | 192 | 204 | 216 | 228 
13 | 13 | 26 | 39 | 52 | 65 | 78 | 91 | 104 | 117 | 130 | 143 | 156 | 169 | 182 | 195 | 208 | 221 | 234 | 247 
14 | 14 | 28 | 42 | 56 | 70 | 84 | 98 | 112 | 126 | 140 | 154 | 168 | 182 | 196 | 210 | 224 | 238 | 252 | 266 
15 | 15 | 30 | 45 | 60 | 75 | 90 | 105 | 120 | 135 | 150 | 165 | 180 | 195 | 210 | 225 | 240 | 255 | 270 | 285 
16 | 16 | 32 | 48 | 64 | 80 | 96 | 112 | 128 | 144 | 160 | 176 | 192 | 208 | 224 | 240 | 256 | 272 | 288 | 304 
17 | 17 | 34 | 51 | 68 | 85 | 102 | 119 | 136 | 153 | 170 | 187 | 204 | 221 | 238 | 255 | 272 | 289 | 306 | 323 
18 | 18 | 36 | 54 | 72 | 90 | 108 | 126 | 144 | 162 | 180 | 198 | 216 | 234 | 252 | 270 | 288 | 306 | 324 | 342 
19 | 19 | 38 | 57 | 76 | 95 | 114 | 133 | 152 | 171 | 190 | 209 | 228 | 247 | 266 | 285 | 304 | 323 | 342 |361 
20 | 20 | 40 | 60 | 80 | 100 |120 |140 | 160 | 180 | 200| 220 | 240 | 260 | 280 | 300 |320 | 340 | 360 |380
2024-11-07 20:27:36 [INFO]: Response Time: 12857 ms, Tokens Used: 1206
2024-11-07 23:31:48 [INFO]: Server is running on http://localhost:4000
2024-11-07 23:31:57 [INFO]: Received Query: tell me a joke
2024-11-07 23:31:58 [INFO]: AI Response: Why did the scarecrow win an award? Because he was outstanding in his field!
2024-11-07 23:31:58 [INFO]: Response Time: 868 ms, Tokens Used: 28
2024-11-07 23:36:39 [INFO]: Received Query: Please summarize the attached file
2024-11-07 23:36:39 [INFO]: Received File: M060281.xlsx, Type: application/vnd.openxmlformats-officedocument.spreadsheetml.sheet
2024-11-07 23:36:42 [INFO]: AI Response: The attached file contains data on Singapore's Portfolio Investment Assets by destination economy and instrument, along with values spanning several years. The data includes total portfolio investment assets, equity and investment fund shares, as well as debt securities. Additionally, the file provides detailed breakdowns for various regions and countries, such as Asia, Europe, North America, Oceania, South and Central America, and Africa. The data is sourced from the Singapore Department of Statistics and was last updated on 19/07/2024.
2024-11-07 23:36:42 [INFO]: Response Time: 3134 ms, Tokens Used: 16358
2024-11-07 23:37:53 [INFO]: Received Query: Please can you generate a good FAQs and answers for the attached data
2024-11-07 23:37:53 [INFO]: Received File: M060281.xlsx, Type: application/vnd.openxmlformats-officedocument.spreadsheetml.sheet
2024-11-07 23:37:57 [INFO]: AI Response: **FAQs for Singapore's Portfolio Investment Data**

1. **What is the theme and subject of the data?**
   - Theme: Economy & Prices
   - Subject: International Investment Position (IIP)

2. **Where can I find more information about the methodology used for this data?**
   - For more information on international investment position methodologies, visit the Singstat website at www.singstat.gov.sg/find-data/search-by-theme/economy/international-investment-position/publications-and-methodology.

3. **What is the Table Title and content of the data?**
   - Table Title:
2024-11-07 23:37:57 [INFO]: Response Time: 3308 ms, Tokens Used: 16386
2024-11-07 23:38:15 [INFO]: Received Query: Please can you generate 10  good FAQs and answers for the attached data
2024-11-07 23:38:15 [INFO]: Received File: M060281.xlsx, Type: application/vnd.openxmlformats-officedocument.spreadsheetml.sheet
2024-11-07 23:38:19 [INFO]: AI Response: 1. What is the theme of the data provided?
- The theme of the data is "Economy & Prices."

2. What is the subject of the data set?
- The subject of the data set is "International Investment Position (IIP)."

3. What is the source of the data?
- The data is sourced from the SINGAPORE DEPARTMENT OF STATISTICS.

4. How often is the data updated?
- The data was last updated on 19/07/2024.

5. What specific topic does the data cover?
- The data focuses on "Singapore
2024-11-07 23:38:19 [INFO]: Response Time: 3762 ms, Tokens Used: 16386
2024-11-07 23:39:29 [INFO]: Received Query: How can you make the model trained using attached data for more accurate information
2024-11-07 23:39:29 [INFO]: Received File: M060281.xlsx, Type: application/vnd.openxmlformats-officedocument.spreadsheetml.sheet
2024-11-07 23:39:32 [INFO]: AI Response: To make the model trained using the attached data more accurate, you can consider the following steps:

1. **Data Cleaning and Preprocessing:**
   - Remove any unnecessary rows or columns that do not contribute to the accuracy of the model.
   - Handle missing values (e.g., "na" or "not available") either by imputing values or removing rows with missing data.
   - Convert data into numerical format for better model compatibility.

2. **Feature Engineering:**
   - Extract relevant features from the data that could positively impact the model's performance.
   - Create new features based on
2024-11-07 23:39:32 [INFO]: Response Time: 2947 ms, Tokens Used: 16386
2024-11-07 23:40:50 [INFO]: Received Query: what are the token limitations for your model 
2024-11-07 23:40:50 [INFO]: Received File: M060281.xlsx, Type: application/vnd.openxmlformats-officedocument.spreadsheetml.sheet
2024-11-07 23:40:53 [INFO]: AI Response: The token limitations in the provided file content are as follows:  

1. Data may not be available or applicable denoted by "na"
2. "nec" stands for not elsewhere classified
3. "nes" means not elsewhere specified
4. "-" indicates that the value is nil, negligible, or not significant

These are the specific notations and symbols used in the content to represent certain types of data or information.
2024-11-07 23:40:53 [INFO]: Response Time: 2934 ms, Tokens Used: 16347
